8
0 0 0
10 0 0
0 10 0
0 0 10
1 1 1
5 1 -3
1 5 -3
4 4 - 3

18
-477.0000000000 -475.0000000000 -406.0000000000
-92.0000000000 -261.0000000000 -226.0000000000
-147.0000000000 -209.0000000000 -336.0000000000
-437.0000000000 -62.0000000000 392.0000000000
187.0000000000 185.0000000000 395.0000000000
-190.0000000000 134.0000000000 -221.0000000000
114.0000000000 -259.0000000000 -14.0000000000
354.0000000000 -429.0000000000 -65.0000000000
-418.0000000000 -370.0000000000 97.0000000000
400.0000000000 225.0000000000 -94.0000000000
-475.0000000000 135.0000000000 -233.0000000000
-25.0000000000 492.0000000000 408.0000000000
-290.0000000000 -138.0000000000 -161.0000000000
164.0000000000 -213.0000000000 166.0000000000
-352.0000000000 -201.0000000000 449.0000000000
458.0000000000 121.0000000000 -460.0000000000
-67.0000000000 469.0000000000 11.0000000000
80.0000000000 -436.0000000000 -389.0000000000
