100 300
-75 -45 -62
32 58 -89
-42 -52 -53
-60 -50 -38
89 -76 -27
26 6 87
55 11 61
83 77 79
-15 89 -92
-29 7 1
19 -14 22
46 -5 31
-97 -1 -69
-20 4 -11
66 -30 17
34 6 -95
-29 51 27
69 -42 -93
42 68 63
-18 87 -97
4 -58 71
1 -87 -68
13 -86 86
24 98 -43
-80 69 56
-70 17 -31
-60 35 59
48 -9 84
-41 0 43
67 13 -32
-27 -18 -48
-44 -3 -75
20 89 29
84 -90 91
-68 4 7
63 -42 1
59 -81 36
-95 97 26
19 -2 62
83 -61 -72
71 70 -85
69 -75 -61
-16 -69 -55
16 10 80
12 -76 -69
49 26 32
64 -25 -41
42 -55 30
-41 95 80
44 84 -48
-55 -52 53
-28 -3 97
7 3 7
49 9 95
-99 53 -2
-46 100 -47
97 -65 54
18 100 49
-51 -46 91
49 68 33
-4 51 -41
-23 -70 62
88 52 98
1 85 4
46 -57 -16
70 24 -43
19 92 53
-43 -87 -67
-42 84 36
57 -25 38
-21 -22 -96
98 -71 71
-89 -95 64
8 -79 42
-16 -68 6
96 67 56
8 22 7
-79 83 -22
-92 53 -66
83 -79 -76
3 -24 -45
73 -44 -53
-25 -47 20
32 25 77
-6 82 -35
50 -34 38
-23 94 7
97 36 38
96 37 34
-33 -6 -39
28 -29 -19
84 61 -11
31 77 -47
77 -46 -99
11 36 62
33 -17 45
18 -29 -30
71 -88 21
24 -78 96
-80 14 38
41 -44 82
27 -37 3
34 -55 -69
61 88 -17
-70 -96 58
5 -46 32
-100 84 65
62 -21 -78
18 -99 14
-92 50 -44
-57 -46 68
90 84 -28
-60 -23 -51
69 -88 -32
-82 72 39
-80 -96 -10
49 -6 -33
-89 -70 38
-56 22 -42
22 -96 61
-30 -18 1
57 -80 39
-39 -61 63
-73 -53 -46
94 71 37
49 93 96
-90 -80 39
-47 -61 13
30 -29 87
53 9 -34
10 1 55
-33 2 98
84 15 13
-15 -79 -76
-80 74 -27
-34 57 -69
-72 80 60
74 -98 -61
-4 68 -70
0 77 52
-84 1 50
-25 57 -17
-63 99 91
-78 55 -21
-20 0 47
80 -95 -7
52 69 37
-28 -92 95
18 -39 75
-22 81 -84
30 -26 -5
1 62 98
45 -69 -68
-1 -67 -100
32 98 31
94 15 32
-46 -75 81
-47 44 68
-63 85 39
-60 30 37
37 -62 100
74 -63 40
-90 34 -71
-15 -62 -90
23 -62 44
-20 -81 -86
72 -100 5
13 -28 86
35 69 -27
10 22 -33
-62 97 -78
22 61 -65
51 -30 76
6 19 47
-12 38 -2
29 50 -97
-32 25 13
-16 -59 -53
66 92 -24
-74 -24 -76
46 -97 -100
15 15 52
75 -52 66
-60 91 -67
90 -11 -72
-23 -41 27
-80 -85 -90
16 -30 -95
75 75 -88
-94 92 -39
-83 -48 -33
-66 -75 -17
75 -90 60
-91 89 90
86 45 -84
25 62 -9
-5 -22 -78
8 -56 -81
52 69 -93
-67 -94 -66
28 -45 31
91 -3 10
73 67 7
60 -32 -85
-59 11 -91
93 -38 76
25 -51 -19
10 -88 -62
-71 58 -51
42 70 -13
70 -69 13
-29 80 25
-66 -19 32
67 -43 7
75 32 5
24 91 -9
35 98 3
47 16 63
25 35 67
-48 -18 -24
-41 69 -63
14 49 99
77 11 -35
73 19 -86
98 12 74
81 -61 0
-61 13 84
3 69 -64
-6 58 80
88 35 94
-25 -76 49
-66 -12 -49
14 -91 -100
10 -70 48
28 18 2
24 73 38
58 33 37
-51 99 -1
67 62 90
-92 -54 -71
13 -4 49
88 90 -32
-64 -68 -36
3 -11 44
19 46 76
-70 73 99
8 60 90
-29 -54 -60
7 -69 -72
11 -46 98
-80 6 -14
-13 -37 -39
-61 -95 1
-83 -30 39
8 92 31
92 -13 -74
92 -13 -53
52 71 -29
72 -93 -10
54 44 -71
34 -77 40
43 -54 -42
-41 34 20
-30 80 -46
-65 42 42
90 67 -6
28 96 55
-62 10 79
24 -41 -48
97 -95 -71
24 98 -72
-78 -75 79
57 -62 -37
79 -94 45
31 -2 100
-44 -76 -62
30 88 -95
-48 69 39
-30 -18 68
-99 81 -10
-42 85 -27
-51 -26 -76
-10 56 9
-51 -54 -100
-40 -45 -78
-42 -30 44
-78 -34 -1
-27 10 11
-86 -17 3
75 69 -55
-60 50 -26
-67 -54 57
-78 24 -25
-8 94 14
-87 -6 -55
-60 77 67
45 -82 90
-77 21 17
84 23 96
-55 -78 -76
