100 300
55 -56 98
34 -93 -71
78 26 32
-33 26 -62
52 67 60
-70 45 9
-91 59 16
-80 -37 -24
32 -95 27
-46 -49 -4
-21 37 -12
30 58 -76
60 -13 70
40 -59 73
39 51 12
-29 -36 42
-94 -83 79
75 -25 45
72 35 -28
-63 -53 -24
10 79 87
37 -41 -21
6 64 -69
50 -31 68
-69 34 98
-5 59 26
-71 85 -57
53 55 -82
47 27 27
4 -61 33
57 66 -41
67 45 18
-38 -18 -94
85 -56 41
-64 -14 -28
-86 85 -29
-36 -46 62
-90 31 -77
-74 -45 -61
100 -97 73
-94 58 33
-32 -90 -47
-94 17 -93
28 -77 -30
47 -8 -37
-55 -54 34
-35 -56 55
5 -26 7
-93 95 -8
-78 43 -78
-49 -37 -12
-70 3 12
38 16 -72
-10 -21 -70
-55 -7 28
43 -73 -19
47 -23 42
92 92 100
-84 5 54
58 -13 -31
-73 67 -52
90 -44 -52
41 -51 -36
-62 57 -72
-38 -97 -2
77 76 14
-45 -50 -69
-65 -39 82
76 25 -17
46 -20 -86
-90 -39 -2
76 84 -3
44 30 -19
-52 96 -29
91 -48 -70
-70 -67 -28
-57 77 80
33 -50 97
78 55 -3
15 31 -12
-5 -100 -47
78 48 53
-76 30 81
-23 96 -28
13 64 46
-88 83 -7
-94 -38 -2
57 93 -71
35 91 -44
-40 -83 -4
-18 40 99
-30 91 -77
85 86 -70
23 65 83
-56 -52 -57
67 51 -76
-44 26 -22
-85 53 -21
74 -99 -8
89 40 -59
33 9 29
57 -88 -100
-2 -73 -37
-76 59 -9
-81 84 25
-8 4 -17
31 77 -86
-24 20 17
-86 -32 -75
-6 -3 -83
77 -96 4
-93 -98 71
-40 27 78
15 -31 -93
52 8 64
-26 -30 -36
37 -67 57
28 -96 26
-40 -99 -98
-38 -73 90
-91 42 -86
93 -67 -7
-74 1 32
-52 -32 14
-59 24 15
-91 -55 93
-56 -31 76
14 35 -55
-16 16 72
-38 11 -100
19 -21 74
9 74 -68
-92 -27 -10
-83 -89 -27
-15 19 84
-92 -59 1
-14 53 58
79 100 -96
3 67 88
-99 94 51
-91 55 -47
93 0 47
73 -83 68
59 90 -3
58 56 69
-92 -60 54
86 -30 -72
-39 73 89
95 -64 -50
-58 45 62
64 17 -35
78 -72 -76
72 26 -53
81 -9 48
-35 61 65
-91 34 -76
84 68 30
79 -65 60
84 -6 45
93 89 77
-33 -100 36
10 4 99
-20 67 4
18 -3 6
34 -37 62
-31 33 93
-7 30 6
-1 88 40
-64 65 -65
37 17 43
66 20 86
45 -45 72
66 -76 -14
93 -55 85
1 69 -98
-35 -25 -56
-64 -70 59
-81 96 96
59 -93 51
-94 -98 71
86 -36 -16
5 -35 -31
91 -85 -10
-87 -11 90
71 -99 87
-11 95 59
35 30 -10
25 -74 4
16 -71 84
-91 -90 44
31 5 35
8 9 -84
-63 0 99
64 20 57
-70 87 72
70 -23 85
86 -42 40
62 -54 -28
-12 58 99
-24 17 -19
43 34 -89
19 72 98
32 -21 -66
73 -19 -24
-76 69 -53
74 -49 63
-44 -19 78
-93 -21 19
-52 -51 24
-21 84 -56
53 -6 59
-100 -48 44
25 46 59
33 1 52
-97 13 -84
13 -99 -41
36 82 -52
-71 87 -4
-61 -19 94
65 38 40
100 -100 5
-78 -54 -6
7 51 64
41 52 48
-45 76 8
82 68 -98
-2 -14 36
-13 -37 65
76 93 45
15 5 -76
15 -49 -86
-37 -47 62
85 -7 94
14 -6 70
-30 -66 -89
47 -87 -16
22 91 31
-51 21 -15
-86 52 3
-99 57 -44
-18 50 -18
11 -20 51
-96 -71 0
-69 -28 -97
36 -21 -51
98 48 41
77 19 -85
-21 5 45
-70 -92 -18
-43 -97 -21
-75 24 30
-72 -19 79
18 15 -50
80 -73 -90
77 -29 -56
57 -55 -93
72 39 -88
65 30 -26
93 22 11
27 -11 -37
75 -74 80
-34 49 -48
-12 15 -70
-13 -90 -90
53 51 43
-24 -29 -98
-39 81 49
-97 25 -88
35 60 -83
-71 54 2
25 -84 2
-32 100 -59
81 100 74
-47 70 4
-99 -33 -82
-22 29 0
-17 -56 12
82 -36 67
6 57 77
10 73 35
14 -61 -1
22 -78 31
-5 -22 28
-24 73 99
25 94 64
40 85 -27
49 -48 35
-75 55 55
75 -24 49
6 97 -45
-21 -21 63
86 -46 8
-49 43 -96
-12 -63 -59
-8 91 58
30 -61 -16
97 2 12
-67 -84 40
-15 46 -36
-69 86 -69
