100 190
0 16 0
0 126 -98
2 -35 14
2 67 -20
3 -63 72
3 103 66
4 15 -6
5 -96 78
5 -15 1
5 2 -6
6 -31 -47
6 28 52
6 61 45
7 -22 -35
9 -38 -62
9 -35 14
9 -11 5
9 2 -22
9 48 24
10 -22 2
10 -15 5
10 -5 2
10 29 2
11 -1 -9
11 24 27
11 111 -79
12 -22 12
12 -12 0
12 18 9
12 52 20
13 1 -12
14 -98 49
15 -30 3
15 -20 8
15 43 3
15 69 -72
16 -30 12
16 11 15
17 -43 5
17 -40 16
17 30 -12
18 -62 10
18 -25 10
18 27 -102
18 27 -21
18 33 10
19 -84 78
19 -25 -1
19 -14 -6
19 44 53
20 -30 12
20 50 58
21 -73 90
21 40 -16
21 76 32
22 -85 54
23 -13 -12
23 18 43
23 38 26
24 -111 65
24 -40 16
24 -38 12
24 -27 37
24 36 75
24 69 5
25 -43 5
25 -35 14
25 -21 33
25 32 5
25 91 -93
26 -71 54
27 -38 15
27 0 -72
27 2 -76
27 47 -25
27 87 15
28 -21 -6
28 -7 35
29 15 -6
29 30 -12
30 -69 58
30 -43 6
30 -37 6
30 -35 6
30 35 31
30 45 -90
30 45 -18
30 45 6
30 45 33
30 45 45
30 45 69
30 49 6
31 -64 5
31 -29 -5
31 6 26
31 69 -33
32 -27 -6
32 80 -78
33 -90 92
33 -67 13
33 -52 16
33 -48 8
33 -43 -2
33 -13 -38
33 22 -66
33 38 -4
34 50 23
35 -50 18
35 -49 7
35 -6 7
35 20 7
35 21 7
36 -47 -2
36 54 24
37 -58 18
37 18 -66
38 -38 57
39 -61 18
39 -50 -68
39 36 -27
39 38 -66
39 43 -61
42 63 -90
42 63 -36
43 -10 4
44 -76 20
44 -6 34
45 -103 25
45 -65 24
45 -38 -44
45 7 9
45 15 -6
45 64 25
47 30 -66
47 45 -33
48 40 -16
48 48 -80
48 72 -87
48 72 -63
48 90 -38
49 -91 14
50 16 53
50 34 -65
51 -79 24
51 -31 -74
51 73 -63
52 53 43
53 -17 39
54 -89 30
54 -87 30
54 -79 30
54 81 -111
54 81 -27
54 81 6
54 81 30
54 111 26
54 117 30
57 -26 -17
58 54 -39
59 -34 -30
59 6 -27
59 38 -82
59 66 -12
60 29 -34
62 -103 25
62 -33 67
63 -117 35
63 2 35
63 9 35
63 52 35
65 -15 -60
69 -41 72
72 -48 -96
73 -38 -30
76 -44 -39
79 -9 -60
81 -13 45
81 -11 -64
84 -14 -84
91 -50 -42
91 6 56
92 -4 39
93 1 -82
96 2 -84
98 -13 -77
98 57 21
101 39 -6
117 0 -104
117 126 -20
129 91 -54
