100 435
0 3 6
0 4 18
0 6 -6
0 46 -23
0 46 46
1 -41 -48
1 22 -6
2 -54 37
2 -53 -86
2 -35 -56
2 -22 21
2 0 -1
2 8 -9
2 10 -11
2 13 -96
2 46 34
3 -10 33
3 -3 5
3 7 -12
3 8 37
3 14 58
4 -44 -48
4 -29 -30
4 -25 -10
4 -22 31
4 -16 -4
4 -11 9
4 -2 0
4 2 -5
4 12 54
4 16 68
5 -61 -72
5 -43 -51
5 -37 19
5 -10 30
5 -4 27
5 14 63
5 16 67
5 20 90
5 22 94
5 56 -12
6 -70 42
6 -21 18
6 -20 17
6 -15 12
6 -8 9
6 10 -18
6 96 -18
7 -64 -58
7 -43 -37
7 -26 18
7 -21 28
7 -18 -12
7 -17 15
7 -15 19
7 -12 -6
7 -11 13
7 16 -100
7 17 23
7 20 25
7 32 33
7 43 49
8 -94 87
8 -80 2
8 -40 45
8 -19 42
8 -16 20
8 -16 24
8 6 -13
8 7 -11
8 7 18
8 26 2
8 28 -35
8 56 -63
8 76 2
9 -17 21
9 -3 13
9 33 37
10 -98 -96
10 -82 -64
10 -80 90
10 -68 -66
10 -58 -46
10 -50 -48
10 -17 12
10 -13 8
10 -6 88
10 -3 64
10 9 -144
10 9 -32
10 9 88
10 9 118
10 22 24
10 40 42
10 44 46
11 -94 -78
11 -64 -51
11 -47 16
11 -35 7
11 -28 69
12 -90 105
12 -68 -54
12 -20 24
12 -16 10
12 -14 15
12 56 -63
13 -48 89
13 -28 74
13 -22 47
13 -13 13
13 9 -20
14 -62 -50
14 -54 100
14 -26 30
14 -14 7
14 1 18
14 8 -15
14 9 -16
15 -53 44
15 -35 35
15 -30 -18
15 -2 76
16 -78 4
16 -60 110
16 -54 4
16 -53 39
16 -36 98
16 -34 4
16 -12 -10
16 -12 4
16 8 76
16 16 -30
16 36 -55
16 46 51
17 -88 -6
17 -64 -9
17 -41 1
17 -31 33
17 -8 23
17 38 66
18 -58 -48
18 -50 80
18 -48 -59
18 -38 50
18 -14 5
18 9 36
18 104 -31
19 -64 -11
19 -49 92
19 -34 65
19 -32 36
19 -24 -27
20 -36 -32
20 -32 12
20 -24 -17
20 -14 11
20 -4 -8
20 18 -161
20 18 -37
20 18 -28
20 18 61
20 18 81
20 18 91
20 18 123
20 20 90
20 24 88
20 62 69
20 84 58
21 -46 87
21 -29 -15
21 -18 -81
21 -16 -93
21 -9 29
21 39 -66
21 58 76
22 -47 45
22 -22 -11
22 -17 6
22 -17 35
22 -2 -9
22 2 -13
22 8 -23
22 26 -120
22 33 -55
23 -18 6
23 -10 34
23 2 30
23 2 76
23 8 28
23 10 45
23 16 49
24 -98 77
24 -87 66
24 -64 6
24 -63 42
24 -12 6
24 -2 -9
24 2 -15
24 44 6
25 -80 90
25 -56 63
25 -32 44
25 8 36
25 10 20
26 -85 90
26 -61 60
26 -46 50
26 -4 -9
26 7 48
26 38 22
26 46 107
27 -42 81
27 -17 12
27 8 -9
27 27 27
28 -38 -49
28 -19 5
28 -13 11
28 -12 -40
28 -4 -10
28 10 34
28 88 96
29 8 36
29 14 34
29 23 -68
30 -56 63
30 -18 -39
30 27 31
30 27 68
30 96 102
31 -34 29
31 19 -28
32 -28 -2
32 -20 4
32 -4 -10
32 43 -71
33 -61 69
33 12 54
33 22 66
34 -38 -31
34 14 63
34 26 83
35 -30 0
35 -19 11
36 -86 85
36 -51 -18
36 -16 -72
36 -12 -90
36 -4 -12
36 3 47
37 -22 47
37 22 42
38 -67 60
38 -50 30
38 -22 3
38 -20 11
39 -72 81
39 -59 -24
39 -29 60
40 -65 30
40 -61 26
40 -60 50
40 -58 -50
40 -14 -6
40 -2 -9
40 10 5
40 34 42
40 36 -190
40 36 -97
42 -14 -63
42 -6 -69
43 -53 -69
43 -40 45
44 -80 90
44 -68 -62
44 -52 -50
45 17 44
46 -61 -48
46 -55 40
46 -38 -52
46 -34 -3
46 14 72
47 -64 -39
48 -88 100
48 -74 12
48 -62 87
48 -52 10
48 -48 -48
48 -44 -10
48 -38 12
48 -22 9
48 -22 67
48 32 12
49 -73 -31
49 -69 -27
49 12 54
49 26 68
50 -56 -46
50 -14 -4
50 45 -71
50 45 114
51 -1 60
52 -54 35
52 -48 -12
53 -88 -42
53 -28 61
54 -70 -66
54 -64 72
54 37 -80
55 25 20
55 32 -36
56 -50 1
56 -48 -50
56 -44 14
56 -34 14
56 -20 -90
56 -12 -110
56 8 -57
56 20 14
56 39 -88
57 -52 6
58 -70 -49
58 -64 -50
58 17 96
60 -4 -18
60 12 -6
60 14 63
60 26 57
60 48 46
60 54 43
60 54 53
60 54 160
60 68 36
62 -40 -57
63 -104 -50
63 2 9
63 12 -9
63 13 67
63 22 76
63 40 -68
64 -72 16
64 30 16
64 64 -72
66 -94 -45
67 48 -73
68 -46 -65
69 -96 -45
70 -92 -78
70 -78 -64
70 -48 -64
70 4 18
70 24 38
70 34 8
70 63 123
72 -68 18
72 -62 -1
72 -28 18
72 -16 18
72 -2 18
72 4 18
72 12 54
72 20 18
72 24 -75
72 32 72
74 -74 0
74 -62 -17
74 -48 54
74 -16 -72
74 0 -74
75 -25 60
76 -58 25
76 -48 -70
77 -68 -2
78 0 91
80 -88 20
80 -56 20
80 -44 20
80 4 20
80 72 -142
80 72 -140
80 72 -89
80 72 -81
80 72 20
80 72 34
82 -128 -66
84 -60 -66
84 34 81
86 -104 -73
88 -83 6
88 -56 -80
88 -14 -63
88 2 -79
89 11 -2
89 34 84
90 -96 -78
90 0 0
90 16 -18
90 38 56
90 58 76
92 -10 -45
92 6 -65
93 -48 54
98 -94 -10
98 -73 30
98 -23 61
100 -88 -30
100 90 110
100 90 141
102 18 -12
104 -72 -80
104 -34 -57
104 -29 73
108 -92 -18
110 -84 -62
110 8 -9
112 -97 -1
112 -40 -58
116 -22 -45
119 -48 54
120 16 -18
126 -83 25
128 -98 -14
128 -24 -50
134 -56 63
135 -20 63
136 -124 -30
140 -108 -80
140 -86 20
140 0 28
152 -118 -15
160 -86 -54
162 -48 54
170 -16 18
172 -98 15
180 -66 -30
