100 100
-74 -97 38
-53 -85 11
-85 38 66
-44 -36 35
88 -85 -34
-70 23 68
49 51 -38
-66 -39 92
38 -11 -86
75 -59 -28
74 5 -82
73 -77 -15
-31 53 -99
7 16 34
-76 38 -20
58 -87 -47
38 72 81
-43 66 1
70 -5 -65
-72 2 64
-91 18 -92
-74 -63 -32
85 -80 -18
-64 -12 66
83 61 49
78 14 23
18 91 -48
53 11 -32
-79 -23 -20
-37 12 37
-25 16 -26
-33 -92 -84
34 -46 -70
-45 -29 5
50 -6 79
26 77 28
99 -64 6
25 -71 98
-44 -30 -60
42 -33 45
46 -84 -63
27 68 -99
-49 -37 -57
-22 11 -68
43 41 -85
49 -22 51
93 -61 71
52 58 12
-98 -35 -77
-1 -85 -14
94 96 -11
-82 -22 16
-15 87 34
-7 46 -68
74 -96 71
-63 -54 10
22 -38 -100
-22 7 42
-31 -69 -77
-2 -58 54
-68 -41 -75
58 -21 66
-29 32 -77
80 -96 -58
-82 54 -66
94 -27 -53
31 -7 -47
86 65 -20
56 -87 -54
-41 -14 44
40 40 50
62 4 96
76 -91 62
71 -25 -59
-8 97 92
86 -97 86
-6 -69 86
26 -86 26
22 -75 -22
64 72 -83
-40 89 7
94 -67 -89
5 -96 -35
42 -95 -71
59 -8 76
23 30 -23
23 -97 -89
91 58 40
-99 19 76
-6 75 14
90 39 -12
-73 16 -29
-10 -58 87
-87 -27 -25
-97 -25 -76
19 99 20
-15 21 -87
-25 29 66
10 15 -96
-43 -61 -85
