110
5 20 26
29 -9 -11
50 30 -7
-10 46 -5
28 -41 -25
-13 27 -33
-50 4 -23
34 -24 14
46 16 49
20 45 -4
-45 35 -15
-26 -6 4
-40 -20 -34
-32 2 -26
28 1 -36
-3 -44 -11
0 -13 24
-27 -31 -47
-17 12 -19
-36 -41 -18
-14 -33 -41
6 44 34
-28 -25 13
-22 44 -12
41 48 44
-38 47 39
-11 -14 -9
-41 14 -40
24 14 -17
-17 18 -23
22 16 24
23 -33 46
14 -29 3
18 21 6
-47 -34 36
-42 2 29
21 -28 -40
14 2 29
14 -31 -45
30 22 37
31 -34 -40
-42 -2 -29
-35 -38 9
40 40 25
-49 -3 -39
29 -48 -21
-4 -41 16
41 39 -11
-7 9 -31
6 -6 22
-22 30 1
-38 41 48
-27 -45 -22
50 18 11
25 10 44
-20 18 -16
1 42 48
1 39 -3
47 -50 14
27 -46 8
35 -10 50
25 -30 -26
-12 4 26
31 -6 -13
40 -8 -11
-39 -34 25
6 23 10
20 40 -14
7 42 33
3 -36 -39
-14 27 -26
7 5 11
-30 28 13
40 -40 -12
27 -1 31
-17 -4 16
47 14 -37
-31 -45 4
47 48 26
40 -27 -41
43 23 -34
34 -30 43
-30 21 7
-48 28 -17
10 -30 38
-14 16 43
41 2 17
45 -14 -5
-32 1 -10
-14 15 26
-11 -50 -10
7 36 -5
-26 16 46
-49 29 37
3 39 -36
1 32 -41
35 41 -6
-20 42 -10
33 -39 -8
-21 24 29
0 0 45
-21 -43 -16
-49 8 14
2 8 -46
-46 11 -20
30 2 -20
5 18 -27
-39 -39 48
41 42 15
-9 29 -44
