22
453.0000000000 -351.0000000000 468.0000000000
165.0000000000 -407.0000000000 125.0000000000
-238.0000000000 -138.0000000000 -474.0000000000
-38.0000000000 -240.0000000000 -493.0000000000
-230.0000000000 462.0000000000 -85.0000000000
-21.0000000000 62.0000000000 -56.0000000000
306.0000000000 -19.0000000000 382.0000000000
321.0000000000 -189.0000000000 218.0000000000
366.0000000000 -481.0000000000 -494.0000000000
-135.0000000000 -461.0000000000 -139.0000000000
-421.0000000000 -289.0000000000 52.0000000000
-265.0000000000 337.0000000000 -103.0000000000
399.0000000000 224.0000000000 338.0000000000
-119.0000000000 -391.0000000000 99.0000000000
88.0000000000 500.0000000000 -274.0000000000
397.0000000000 -20.0000000000 386.0000000000
-486.0000000000 282.0000000000 370.0000000000
207.0000000000 257.0000000000 -222.0000000000
-228.0000000000 -111.0000000000 248.0000000000
-43.0000000000 74.0000000000 32.0000000000
-80.0000000000 -380.0000000000 492.0000000000
-350.0000000000 227.0000000000 -10.0000000000
