54
-500 -500 -500
500 -500 -500
0 500 -500
0 0 500
1 67 -55
-11 -27 58
-6 62 -40
42 11 -35
-11 -5 66
29 36 -12
-67 17 -11
-20 53 18
44 -56 -66
-31 -7 -1
-24 31 -42
39 46 -28
33 20 -11
43 -44 -17
-66 12 -18
-44 -45 -48
26 -65 34
21 62 -57
-39 -25 68
57 -14 -15
-62 19 -3
-44 -11 12
-18 -23 -30
-34 -28 -31
-24 55 -31
-17 -16 -25
31 -2 -33
-37 25 5
-16 63 -54
-32 -28 33
27 -63 -20
-14 -15 24
16 24 2
7 52 -67
26 70 -67
-26 -35 -29
30 34 16
-44 59 -44
20 52 -66
40 -63 -38
61 -26 0
29 40 -22
-67 0 52
-17 46 31
36 -37 49
3 37 -3
-31 41 42
-49 -15 33
-40 -50 -21
32 -42 14
