100 190
0 0 67
0 3 -4
0 22 0
0 80 48
1 -67 86
1 -60 77
1 -7 26
1 -7 66
2 -96 -56
2 -80 -48
2 -34 -25
2 -14 -53
2 -14 -15
2 -14 2
2 19 -47
2 20 2
3 -21 18
3 -21 19
4 -28 -20
4 -28 71
4 6 4
4 69 -104
4 74 -112
4 113 -61
5 -35 34
5 -35 64
5 5 10
5 24 -47
5 25 -50
5 84 22
6 -42 -5
6 -10 -6
6 6 6
6 8 6
6 22 18
6 38 -5
7 -49 62
7 17 -16
7 18 -19
8 -68 64
8 -63 60
8 -56 19
8 -34 8
8 -26 8
8 -24 8
8 2 8
9 -63 -8
9 -63 39
9 4 33
9 4 58
10 -70 -42
10 -70 -34
10 -10 10
11 4 -42
11 6 -41
11 19 -2
11 34 -14
11 61 -80
12 -81 -10
12 -8 -52
12 4 12
12 20 12
12 36 -48
12 93 -60
13 14 23
13 52 -26
14 12 14
14 39 -94
14 43 -104
15 19 18
16 6 16
16 18 16
16 46 -41
17 -47 58
17 28 -54
18 -27 72
18 -26 -15
18 -16 18
18 8 -68
18 8 -8
18 8 18
18 35 -15
19 15 16
19 80 -36
20 -53 4
20 -45 0
20 -6 20
20 10 16
20 39 -112
20 40 -120
20 49 -47
21 -102 66
21 -93 61
21 56 -56
22 18 19
22 39 -92
22 41 -13
23 24 38
24 -45 -20
24 -39 -20
24 -14 -20
24 34 -79
24 61 -20
25 -43 -26
25 -39 -23
25 54 -73
27 12 -106
27 12 -97
29 -8 -86
29 -6 -79
29 39 28
30 69 -25
31 19 22
32 42 -16
34 -19 56
34 -12 20
34 11 -19
34 60 36
35 39 38
36 -98 -30
36 -50 -30
36 16 -31
36 16 21
36 42 54
36 44 8
36 50 30
40 -44 -23
42 -108 4
42 -99 6
42 14 -35
43 32 26
44 55 -77
44 109 -104
45 20 38
45 20 40
46 -37 41
46 24 36
47 7 17
47 27 32
47 52 -8
47 71 -98
48 18 -33
48 65 -40
48 73 -40
51 36 24
52 -129 6
52 0 13
54 24 -45
54 29 -45
57 -11 6
58 -124 -28
58 -114 -22
58 -100 -60
58 -90 -54
58 40 24
58 56 80
59 48 50
60 26 -50
60 89 -112
63 -18 38
63 28 -45
64 14 -79
64 44 -94
67 26 -43
67 86 -18
70 -7 35
70 20 68
70 60 36
72 32 -97
73 44 8
74 84 68
81 36 16
81 36 62
82 42 64
86 92 124
86 100 60
88 -154 -22
88 -90 -54
90 40 24
90 40 96
95 -51 52
98 -15 62
104 -32 64
104 40 24
110 40 112
110 80 48
124 -22 86
124 10 6
132 -66 66
132 -10 -6
