100 100
40 47 -85
-87 64 71
-51 76 73
-20 -57 52
-11 -14 -77
-56 -48 -45
-83 81 20
76 89 -56
67 -40 -90
6 4 -52
-63 -17 88
-22 40 -64
10 1 19
-41 60 -79
-68 -27 57
-10 88 -33
-17 17 66
-78 -71 -89
-98 -68 -12
-57 96 -81
99 -52 -57
-40 52 -89
-81 73 71
18 -77 -71
-61 -46 65
-44 83 -78
-23 -63 -23
55 90 -51
-90 -70 77
12 55 97
-47 -90 -53
-84 -37 37
-19 -7 -42
-31 -10 -61
98 43 -65
-56 -1 38
66 -59 -15
-79 -29 100
9 42 -63
0 77 -22
-20 -82 -29
77 -53 75
49 97 51
-31 -99 -45
-17 30 -20
-29 10 -36
-48 -29 90
90 -86 69
21 -62 -68
67 14 -8
-48 -21 21
-88 49 -32
64 0 31
20 49 -47
98 32 4
-4 -29 87
100 -51 94
79 12 -8
-90 -2 87
30 11 95
41 -23 49
-77 -25 -25
57 -77 -89
58 2 16
12 12 22
9 -37 -49
-22 -30 79
40 84 -61
-83 54 8
91 -68 -77
-21 -39 -1
19 42 -93
-45 10 74
90 -73 -91
85 18 -91
-78 33 75
82 36 -74
-19 -56 77
-92 86 32
22 -100 12
-31 88 -29
-19 -78 -96
-70 89 78
-25 8 14
45 29 -84
-6 -12 -3
-53 -60 -72
62 -12 -99
81 4 9
68 3 83
52 22 47
-56 79 19
43 9 35
12 -30 -2
-57 -62 57
10 87 3
-36 82 9
-89 96 -96
29 90 75
28 -42 12
