100 200
-82 86 75
-35 -37 89
69 -97 7
6 19 28
-49 -72 61
48 40 79
22 -73 -25
-87 -75 43
-88 -24 -21
-11 -52 -58
98 84 55
-89 -98 -20
16 -11 -92
68 -54 5
-45 54 52
-74 47 -98
70 84 -84
-72 96 99
-68 100 98
99 -44 43
56 85 -41
-54 98 -43
-88 72 -34
44 -4 90
-1 -31 -94
-28 -76 -22
-34 -13 62
61 -48 -15
-52 8 -91
0 -20 11
87 -6 -46
28 12 -71
74 86 36
-29 24 90
-49 -25 -100
-4 -25 8
21 -24 60
-75 56 -3
67 49 -35
16 41 -78
17 57 39
-25 -68 39
22 -18 12
32 15 46
68 98 11
69 -69 -33
-97 -60 -64
52 -57 45
20 90 45
-5 -28 -88
-43 -6 6
70 -96 35
94 -38 -47
11 19 -10
-59 -78 -16
-66 -1 -87
49 -59 33
-48 4 43
28 49 50
89 81 31
23 -58 -13
36 1 -90
11 71 -22
-5 25 90
79 -78 37
-34 15 8
-86 29 -94
17 -69 89
-15 -5 5
81 -12 51
61 -56 44
-53 -4 34
88 85 41
80 52 -11
-9 -12 35
-43 100 -9
67 -60 -1
93 11 -5
78 -63 95
-96 9 27
-40 11 19
-14 14 10
30 16 90
-81 79 -91
14 11 -2
57 54 -48
-75 59 -31
-28 44 -6
20 59 -69
61 -73 68
5 91 -87
81 -92 -48
98 -33 -38
7 81 -20
77 1 -62
44 -95 84
-98 -64 16
6 35 63
79 -82 -29
-5 34 -85
-7 -65 1
-82 -27 -81
35 14 62
65 -64 28
12 -99 36
47 -39 -27
-12 89 -32
62 -58 -42
47 -18 31
-37 -82 -69
65 55 -88
-42 5 -61
57 77 2
47 -78 43
-64 70 12
46 49 -81
83 -78 -57
-49 -35 70
-16 66 -4
-8 41 10
40 18 62
53 83 -41
-50 63 29
-17 -95 84
57 50 -59
-75 77 -32
72 32 -21
82 -28 -14
49 9 -13
-67 0 26
100 -100 17
28 98 56
11 -93 69
-36 47 82
66 9 -99
69 -41 95
-78 -80 -24
86 25 -68
-48 23 77
-8 -40 62
14 72 -71
-100 56 -15
37 13 99
15 13 -1
-15 5 -3
-68 -34 -79
16 -98 95
-96 -42 38
-67 -21 97
-25 33 -52
47 -29 1
-39 -4 -44
-90 68 -22
-27 -75 -77
-53 55 94
-19 -61 -10
100 -23 39
73 -50 -72
-90 18 -49
23 -83 -45
-78 4 -58
19 22 -75
-83 5 58
-43 79 48
-1 66 -32
7 -24 20
-28 -4 -2
-36 -36 -90
25 -55 -57
72 -91 -13
53 -70 -17
-86 53 79
47 38 -95
-5 -20 30
43 -31 18
-73 -73 68
87 85 -14
-10 -88 11
64 32 -99
-87 -8 51
-86 78 -33
34 68 -22
-89 28 95
25 98 93
25 -99 73
94 14 54
-31 -92 58
-97 -23 -89
-63 -58 16
93 -87 32
-82 -64 93
63 -66 -96
39 -16 92
75 65 -31
-28 -94 -70
9 -97 38
7 -82 -98
81 -22 -44
-3 42 72
-16 -14 -42
