100 200
-2 74 34
-33 63 -95
-61 -19 92
33 96 -46
-87 71 -52
-48 -72 51
-74 -25 -70
-98 11 -60
9 43 47
-78 93 -14
-93 -66 21
45 -84 73
-29 -24 47
-23 84 89
-72 -66 97
64 5 -11
-45 -50 -32
-16 62 36
-38 -84 7
53 -32 -85
13 22 -75
-17 93 -46
56 21 12
-81 68 -1
60 -67 -51
37 -34 85
-45 37 -53
16 65 -30
36 86 93
-62 -94 77
-29 79 -39
90 10 72
16 -71 64
-27 58 40
-44 -42 66
49 -99 -21
-74 11 86
-20 -60 -57
-26 6 -6
33 5 -85
53 44 -94
-76 -33 53
-55 18 -26
44 -72 -64
-47 -35 93
-85 -99 -31
55 -91 32
15 -78 21
-32 90 -44
74 -69 83
-37 -41 -9
78 -40 -50
-76 -75 76
-48 -11 76
-14 12 15
23 28 -59
49 -17 21
26 -54 94
-5 50 63
98 0 17
4 -92 -74
-51 27 -3
-36 -32 96
-69 -2 13
-55 82 -100
-77 66 65
51 88 -15
-56 -21 38
-98 -64 -48
70 -7 -73
-9 -72 -62
76 -49 -40
20 9 -42
19 -24 68
97 9 -91
41 -34 -93
1 -5 22
3 29 -36
46 -11 8
-13 -82 91
-48 -16 17
-8 -95 -85
-21 93 -100
-86 -51 -46
32 -8 79
-80 -30 -93
55 -72 -40
-67 -50 86
-41 63 53
55 1 -98
-92 -41 30
-34 88 87
-48 -24 90
-47 -59 -38
61 -88 21
78 -27 -37
41 -8 24
-99 -25 21
-72 98 68
-37 -91 18
-65 -12 -52
-52 -79 17
-2 -4 -57
-72 -42 36
0 81 3
34 11 -25
-82 81 18
-24 -17 4
-57 49 -57
99 66 43
-3 54 49
-23 23 87
-74 -23 -70
-8 -22 32
69 5 37
100 -87 94
-80 12 33
68 -61 58
0 -55 -59
-68 64 39
-20 78 24
89 -56 -37
-84 -77 48
4 -75 -57
-95 2 70
-14 -71 -35
-94 80 17
-8 68 -32
53 54 -28
43 51 10
-92 29 -14
70 -31 -60
36 66 -4
96 87 -70
-20 -46 12
11 45 14
-20 93 -26
92 72 48
-42 22 84
43 -23 61
7 -75 32
68 -2 49
-28 32 76
-49 98 18
63 61 18
10 1 31
50 5 -64
93 -27 31
10 -95 -28
-61 -54 94
30 15 -29
-12 63 34
-63 -38 43
5 -17 70
31 18 -73
47 -43 83
79 -81 -13
-52 43 -30
7 -73 6
-75 -24 -5
53 -34 79
-45 88 -16
-63 38 -68
-10 -13 -7
10 90 -14
-4 90 -2
-57 -75 -1
-50 80 65
-74 92 -95
99 -96 63
-21 -96 -4
-64 -53 15
12 43 15
32 -93 -83
57 0 73
64 52 -92
5 -10 33
-75 67 -41
57 47 -24
44 -32 -3
4 -62 1
-26 17 96
-73 45 19
-51 -4 -1
56 14 31
55 100 86
84 74 -64
-88 -67 10
-72 -3 37
95 -68 -86
33 -11 -90
-63 -32 37
51 74 -71
-21 -54 -64
17 -53 -65
4 19 -69
-52 48 70
-66 -19 8
-17 -18 63
27 -54 5
