100 200
78 63 -7
-30 -39 74
59 59 26
59 -29 81
77 13 36
56 -34 -27
-19 23 86
91 98 39
55 59 -85
56 37 -20
69 34 -12
-22 -21 -85
-24 13 -14
36 20 -28
-99 -34 92
0 -37 -75
92 -33 -30
-10 78 23
43 84 -84
8 -21 39
-31 -42 -60
-31 -62 0
48 20 -93
-55 -61 -92
70 -53 42
-98 8 -60
-56 87 33
21 -72 6
-78 -88 77
76 33 -58
55 -38 -32
0 58 -37
-42 -28 -59
25 92 -11
-40 -60 31
-49 27 -51
32 -5 -40
-16 25 41
32 -38 72
50 -31 60
90 32 -25
24 -48 18
69 -97 -64
56 43 27
38 34 -76
13 73 -29
-44 79 -72
-73 -49 -2
-33 41 -82
-48 90 2
-32 -26 -24
35 -33 67
-95 -62 -3
94 -41 -88
80 -48 -5
-89 6 -32
-1 25 10
100 89 95
-88 51 26
-44 -81 -47
-64 -77 66
-88 52 -68
-82 66 -38
68 -30 -64
62 -8 -36
82 -83 -28
-13 -53 13
-79 27 -13
20 -73 -51
60 -1 54
73 -89 33
5 -95 88
2 -67 -74
-41 100 -3
53 -21 34
75 -17 24
-65 50 94
-86 96 84
15 -8 71
70 77 -96
-6 -92 65
-3 47 21
-72 19 -38
59 21 0
1 -26 -41
-17 86 63
33 47 -49
44 6 -23
99 -84 -25
49 -76 88
62 28 98
-98 -84 20
7 -66 67
-51 52 -57
-6 25 -98
-38 42 44
-72 97 -18
-4 -86 -21
-23 -74 14
-69 -65 -79
78 41 -55
-72 71 -86
-38 -71 25
-58 -71 94
-62 9 -29
20 60 -74
49 73 68
91 74 99
90 -84 -96
-16 13 -47
-71 4 -15
-55 42 -16
-5 27 58
-62 84 -29
2 -59 12
-47 29 18
-42 -50 -78
33 -38 46
16 25 36
73 88 -83
-80 -14 -13
-75 -43 -83
32 -15 68
74 -54 -46
3 -95 48
47 32 11
91 -72 54
53 -87 -49
7 99 -93
-47 53 -55
67 -43 6
-90 -9 -25
61 24 -26
78 -75 29
46 100 -78
-97 -70 84
-12 -85 -79
97 -82 -37
15 21 42
-56 -7 59
0 -20 85
-15 92 -88
-93 52 53
-62 -68 87
-59 -83 90
39 85 -59
84 57 28
-69 -63 25
37 81 97
-46 -90 39
64 8 -58
66 -71 61
13 58 -92
88 42 17
-36 -69 -38
64 -75 24
8 62 -64
74 -66 -39
-47 37 12
78 35 -14
-17 -72 16
42 -46 44
8 71 -44
22 46 88
20 65 4
35 3 -24
65 55 0
-65 -5 18
28 38 67
-75 -52 89
-95 28 -41
-41 41 -49
27 -3 76
-81 85 -45
70 32 -23
50 -23 -51
-76 97 80
60 -30 -94
50 63 -99
25 95 -57
95 -1 84
-36 -33 -37
-57 12 94
-78 96 -96
37 -24 -12
67 34 -33
-2 -11 -34
-79 90 -91
-81 -99 8
97 -50 47
-54 41 -22
62 53 20
-87 13 -32
85 29 54
-89 -11 -60
50 -66 25
40 28 -13
-12 33 -90
-81 -79 54
70 56 -99
