100 200
7 -99 -49
-28 61 92
-22 87 -90
85 47 7
39 -45 -27
10 54 96
86 71 41
79 -17 -64
-99 -76 34
-11 -20 -25
79 85 -46
-88 42 9
-68 0 75
-56 -43 55
-77 47 -63
-64 -78 61
-23 34 21
-5 44 10
73 -100 25
-37 -9 -89
-24 45 -94
-44 -17 47
-9 -31 -47
21 11 69
-70 -89 85
-82 50 46
-67 -14 -83
27 41 41
10 -10 60
64 -42 57
-12 46 -25
-89 56 56
-100 66 19
26 -75 -61
15 -77 -4
3 3 -81
-13 30 36
-11 -42 -62
90 -81 100
66 -67 54
-75 -31 43
-28 -64 32
-9 -61 98
68 -44 -83
73 -99 -45
-91 -7 23
-92 98 24
91 -70 -26
-35 41 31
81 49 -28
-26 -11 -89
42 23 -68
-65 -99 -81
35 -71 -51
-76 43 26
0 35 -5
-2 67 -52
-27 81 -55
30 -99 -12
15 39 -61
-82 90 4
25 78 19
73 13 29
5 -57 10
-72 -98 -22
39 19 29
-77 56 41
99 -77 -64
-63 69 97
49 54 -19
4 95 -74
-17 61 14
-67 58 94
-51 24 76
-41 0 -42
-91 50 -60
70 -96 -34
26 -87 2
34 44 -17
-48 -14 -32
-14 32 63
2 -61 -74
28 97 -27
3 92 46
20 -45 41
47 -48 18
-38 -84 -8
4 -88 70
-12 -80 97
42 -1 -78
15 97 14
39 -55 -97
12 -57 -6
-56 -38 -75
-23 88 -16
-4 -91 -77
67 -49 -11
91 -97 -63
27 -95 -90
49 11 25
21 95 -58
-42 -31 12
77 -88 56
6 -99 -99
-74 -62 -12
7 -92 -73
-21 65 -84
5 -85 -7
35 -17 67
69 -90 64
63 -46 -79
-86 -90 82
65 77 -64
85 -10 -40
86 78 38
57 95 -7
-54 90 11
-51 -64 35
82 -96 -20
12 -40 -54
60 46 -50
-39 -30 -79
-2 46 37
-56 16 14
51 59 25
-43 84 8
-76 -23 91
-38 8 84
-38 -57 94
63 -97 -71
76 87 26
-48 14 60
-65 -18 -99
9 -35 78
-40 44 -18
46 -35 3
46 89 -81
-99 -85 78
21 71 -1
46 10 58
-7 34 -12
-97 35 -23
-6 71 31
75 17 -96
69 -26 -89
67 -82 2
-84 -41 -81
-81 -49 69
-88 7 -28
-82 75 -16
97 51 -88
-58 -4 89
40 -48 -77
-31 100 -87
48 95 -4
-71 -57 -85
-63 5 86
-50 77 3
50 -54 17
30 44 26
-86 91 -48
-22 21 53
79 -97 -19
55 -46 32
31 90 22
74 -84 -47
37 -16 1
72 -90 -29
-21 34 -22
-48 -57 -36
32 2 -29
-18 -65 39
42 2 -15
-44 11 -6
-67 -88 31
-15 -99 40
43 2 77
-5 -76 55
43 79 -24
-45 21 90
-65 60 -83
-96 -84 81
-40 -21 18
96 -6 61
68 89 -54
29 -81 -1
-88 -46 45
81 96 -42
-90 -44 -21
99 -32 -70
61 94 -4
-64 88 -48
-75 -98 57
39 -90 -29
-44 80 -54
95 50 -82
-70 -42 -46
42 35 12
56 61 -6
-88 -34 -52
