100 200
87 90 -90
-26 -40 -92
49 -36 45
62 -78 -17
1 98 61
-86 -58 69
-10 -82 -5
-83 19 35
-3 -59 -98
-28 -26 -31
39 -65 -79
46 56 52
-63 -12 14
54 44 -62
97 -73 -68
24 -70 -53
63 -100 73
1 10 -3
-98 67 -66
-83 52 -16
-67 -18 -78
-8 28 43
-66 -33 49
47 83 -22
-10 -74 -73
-17 92 -99
-78 36 3
32 -97 27
98 18 43
2 85 -78
72 -70 -68
23 -97 -2
43 -92 46
28 -41 90
19 -95 -89
56 -71 90
93 65 61
43 43 85
-4 77 -73
83 97 -3
-39 -43 -89
72 -79 -4
-36 -25 60
-71 70 8
-43 -30 -13
7 -37 25
60 68 -80
4 -42 -50
-36 -8 -57
-41 7 -58
-21 -46 97
0 79 48
-34 64 41
-25 100 -15
-32 -68 6
89 64 72
-52 59 -63
-3 23 -54
-53 -99 -49
74 -42 -75
-100 -96 -57
-62 -97 -96
26 -90 97
-59 -34 -67
-4 13 42
-3 70 -64
60 -86 -82
76 -29 86
55 10 95
89 59 58
86 78 21
-89 15 -60
66 -68 11
89 -52 -45
66 -30 83
-57 -84 -94
5 8 39
-63 -19 -29
2 96 46
35 -55 32
-22 -45 62
57 31 31
-23 23 -15
-52 12 -60
38 -63 -79
60 69 -27
92 -14 -16
-86 -32 -39
-73 -26 19
36 -78 -93
-32 -35 81
-75 -26 38
67 -49 -79
-60 73 -94
-90 -1 66
81 -22 4
4 6 -3
-14 44 -54
76 86 7
17 37 -72
13 -3 90
-13 -83 -91
41 46 -63
70 -78 -91
66 -83 -45
-6 -42 79
-91 58 -84
-82 6 88
-19 -100 -22
4 58 24
-55 -96 59
-67 -72 30
-67 -23 65
31 46 100
19 64 13
-91 9 -83
-16 28 -100
-86 -41 73
98 -16 -76
-48 -16 -25
-50 -95 -88
-52 33 77
-87 -94 56
-35 37 24
100 12 -47
18 -64 55
-92 -25 -73
73 -97 66
-84 -12 29
-27 -95 64
85 15 46
43 86 94
-41 -60 30
-60 4 -73
25 39 93
-12 51 73
54 62 -84
-93 -38 -7
78 70 7
-54 27 56
-14 89 41
21 -73 41
-71 90 8
12 51 -77
-54 30 -68
-55 -47 -88
-50 12 11
-93 -85 63
-11 -67 48
84 39 80
-70 95 84
19 62 -35
-84 47 -12
2 -42 61
-69 58 80
-55 -39 57
-84 98 34
76 -32 -6
-3 6 23
-68 -98 16
45 52 89
-86 -63 -89
-51 -65 6
88 63 -73
41 -86 40
-88 29 -69
8 -88 2
57 26 76
81 -20 -61
-21 -12 -10
-41 -25 -66
4 29 -25
56 6 46
44 -12 82
-53 -56 -65
-79 76 82
12 -93 -78
-70 79 -47
37 45 -100
86 -53 36
25 -80 -50
95 16 -1
-24 -4 -58
70 43 -34
48 1 55
41 55 81
27 70 -77
89 52 58
-99 61 -50
-100 -13 13
-25 -4 64
61 -29 86
-12 -8 95
-56 43 -63
51 -79 -99
-61 -85 62
72 -62 72
97 38 64
-8 50 -15
5 -74 -5
