100 300
-34 -72 70
-23 60 -74
-32 43 -71
88 -2 -91
-36 40 -52
18 30 -9
45 -85 -50
-95 -95 -68
43 7 -29
-95 -82 -37
49 36 88
-21 -82 -55
-58 -25 -98
-38 -20 22
70 8 -23
-40 89 84
-1 -33 -76
57 26 -66
-68 84 44
73 64 -93
90 -82 89
-22 24 90
-73 -34 -56
-78 -46 89
0 91 -30
49 -67 8
-39 86 88
37 16 62
-16 95 77
-60 11 -13
-45 14 -62
-67 -49 91
-15 2 -77
80 43 40
74 39 77
-92 56 61
-2 100 -64
47 -73 -18
54 84 6
100 11 -9
-2 -56 -21
21 -94 -40
88 61 22
-59 -17 99
42 -12 69
-96 85 27
-39 37 -33
-34 -63 -73
-38 -8 56
37 -34 63
-66 -31 82
7 86 -86
-4 77 -37
-84 69 22
13 73 37
-23 92 100
-53 -99 -75
71 15 -3
-86 -48 -86
-69 28 62
32 70 82
-100 80 40
-20 8 -37
-72 -62 7
-88 -78 57
-46 -79 -7
-4 -27 -53
3 19 35
-78 -49 92
78 -86 -16
17 62 -85
40 20 17
-2 57 -22
79 73 84
-29 -9 7
-22 -17 23
-61 63 -89
99 -2 90
-29 -52 -41
-83 54 46
-30 80 -91
63 -78 -64
-74 -51 -4
-58 83 -14
7 -82 3
-77 -16 -73
70 -96 -25
26 74 54
67 -21 -60
30 -4 -58
-79 34 -2
61 3 -29
-79 -91 99
86 -67 -62
95 62 -53
-86 47 84
-58 61 5
81 -17 -96
-75 -86 -97
-15 -88 31
-45 50 88
17 67 8
-45 29 19
-67 95 -33
4 47 -77
-19 57 80
40 100 -34
33 47 -18
-74 -33 -60
89 5 -65
78 55 -5
-99 -3 -73
2 27 -57
-24 -49 40
-98 0 38
-37 75 92
-28 -84 -11
30 -67 61
-88 63 69
-58 7 4
91 14 76
-16 46 81
80 -32 25
36 57 84
-53 -36 -69
79 -12 52
-58 24 -35
-67 -1 48
71 83 -35
83 -44 48
43 -57 65
85 -93 -22
-16 99 -43
73 43 -24
-60 -16 3
-70 -64 -58
62 84 -86
63 9 -92
84 69 -36
48 44 55
-71 -58 95
-61 71 -96
66 60 -15
-2 -65 -59
25 87 -46
-27 -13 23
-16 -87 -97
-54 -71 57
66 -92 -77
49 -47 25
-37 88 54
97 -72 -7
-58 -59 3
85 17 7
65 21 -87
11 -21 -51
46 40 -17
-49 60 36
94 -85 28
86 -39 6
-25 14 26
1 4 -29
-31 -32 81
-80 -79 72
52 -62 58
-98 -58 -91
-71 42 3
43 -59 29
-18 -24 -100
-44 -17 66
86 -51 -53
27 -77 -89
71 -39 -95
82 -86 -80
-40 -25 40
-93 1 -28
-70 14 -31
65 33 -100
30 60 -24
66 74 -18
66 -19 34
85 -34 67
-8 -37 67
-7 -58 72
79 -87 13
3 -61 -88
92 35 3
48 8 -43
93 -85 -79
-98 5 -55
89 48 82
-65 6 68
0 82 -67
100 -76 55
-55 -38 -94
-16 31 -45
-38 69 38
-50 90 -34
-72 -11 -24
48 37 42
47 97 -81
-16 48 -15
54 91 2
35 -9 94
75 -55 -18
30 -68 52
12 35 -13
64 79 -73
-58 -76 -1
-32 40 74
3 -44 -31
63 34 -13
54 52 -21
32 -82 -34
16 69 33
-55 68 6
33 79 61
-68 25 98
48 93 63
-22 71 -52
-72 55 54
-3 2 -44
16 -70 69
-64 -48 -53
-18 34 4
80 -66 94
23 -83 -20
35 30 81
-68 38 49
32 -57 -18
95 69 67
-74 9 82
-78 -56 -86
52 52 -45
-8 -15 -16
-23 42 98
32 -82 -51
-2 -97 -75
21 -18 -39
-77 75 75
-24 38 -17
40 -41 -97
-49 -61 -9
46 73 -28
-65 -20 80
-3 24 65
-29 91 37
-45 28 -68
10 25 -79
18 -96 -14
-91 21 -51
53 -71 -74
-17 -65 52
45 -96 47
73 34 5
-37 -79 -35
-21 -16 -32
-73 -49 -34
31 80 -51
-93 -48 12
-46 15 61
97 91 -31
-98 -80 0
87 -32 43
52 -27 -61
15 8 -74
-38 -75 18
8 -20 11
2 7 -29
83 9 -18
-78 -90 30
-18 -24 -96
9 15 -7
80 -19 -73
41 11 63
-38 66 14
-76 77 93
94 77 -19
-3 33 -51
-15 48 -99
45 -73 -80
5 -20 -38
-71 -39 -78
96 44 -96
80 80 40
-7 -10 34
69 -5 -74
19 71 -76
-8 -53 9
12 63 77
13 40 -2
79 -71 -97
-37 -13 -33
-50 -94 7
5 -99 -80
10 3 32
42 0 -54
53 80 -28
29 -24 8
23 -56 -91
