100 300
46 -83 29
29 -42 -56
88 -80 13
-86 75 36
-74 -18 86
-78 -82 -37
-51 -37 -95
94 -9 -20
90 23 40
38 63 7
9 86 55
-88 -69 -12
99 12 42
72 -83 -95
93 90 -28
98 48 20
85 -16 -25
63 -8 -80
-38 51 -47
27 75 -20
47 55 -96
15 69 -64
70 -85 -10
-52 26 -2
61 55 13
-86 -25 64
-49 -65 -27
42 79 48
72 -78 60
-72 -64 53
90 98 -55
45 -51 -17
78 46 1
82 77 -60
78 21 42
-40 32 31
-47 85 -39
52 12 80
-39 41 34
-85 -25 -65
34 -68 48
-81 -59 -25
11 97 -17
-46 97 -11
-74 56 100
-49 55 29
-88 6 63
-71 -34 54
-40 -57 -33
-35 -75 32
-60 -17 68
-35 -59 30
-23 40 85
-93 39 58
57 -37 17
66 71 -74
98 -57 65
-56 -43 -2
32 -47 78
-10 -52 48
14 86 21
14 -96 -74
-67 -46 31
65 -89 -70
-21 33 -80
-88 -27 51
-68 32 25
-20 67 -16
40 -58 39
68 -81 -89
98 -5 10
-31 -26 -57
-20 -19 97
19 -3 -37
78 -39 -69
62 0 -61
74 -83 -66
10 66 59
-61 0 22
0 -37 -90
11 53 -93
68 64 42
26 26 8
88 -46 32
26 -100 84
-14 51 83
-1 -26 16
-14 -70 -55
6 33 -88
23 -81 -23
75 -98 -86
-53 32 56
-24 -82 26
82 44 -81
28 -26 -21
-51 -86 -36
81 -84 12
-25 -27 63
-25 94 0
-47 -62 -66
99 -97 85
-3 15 -95
-81 -38 50
-3 66 -25
-8 -25 91
-32 -95 31
-30 92 15
-53 -63 77
73 35 52
-26 -98 46
11 4 -69
-80 15 25
72 78 72
-78 7 29
35 -64 63
17 -11 66
10 56 79
-4 -93 50
-72 -58 13
82 81 33
30 74 39
21 58 35
-5 29 44
57 78 95
45 -83 -92
-12 41 49
-74 73 2
44 44 31
76 -74 -50
-7 -42 -18
52 73 35
-74 -20 13
9 57 85
54 83 25
5 -72 -87
23 21 62
-81 57 62
68 56 24
-60 68 -28
99 60 54
-77 -4 -3
57 -36 -32
1 79 -37
-65 -30 -40
-98 -57 -24
2 72 84
18 16 -55
-66 94 -100
-59 35 -1
13 -83 -29
-3 -70 24
-77 -5 70
19 36 68
-34 75 -46
-52 -16 -53
27 -3 91
-25 -17 -68
78 -48 27
40 25 34
38 -29 47
-94 -24 -38
-63 71 30
40 1 -96
-47 30 -34
63 -87 76
-59 6 88
-100 -29 4
28 57 -18
-67 -78 12
-17 -22 -59
12 -78 -90
49 17 -2
86 -35 16
-32 42 -42
-26 6 95
44 -75 13
49 -81 16
0 -13 49
23 76 -100
-4 50 -22
-45 42 68
25 -85 -16
9 -70 -59
-34 41 28
60 27 -30
15 75 -55
6 -50 32
57 -36 56
84 -30 92
-96 74 28
3 -100 -51
10 91 1
63 -29 22
4 7 -28
-9 4 -89
-20 -54 48
54 49 -45
4 93 18
-86 -72 -84
91 -54 88
62 -75 -50
-88 -78 73
64 -47 80
47 -46 -96
8 3 21
-39 -28 89
-57 67 84
-39 96 8
-40 16 74
-95 55 31
-64 19 16
42 57 6
94 -84 6
-51 -37 11
46 50 -56
-16 79 -26
34 63 57
15 -55 -20
-39 39 40
40 -74 -38
69 87 71
-95 -50 2
-54 -30 17
-96 -15 31
40 98 -62
81 62 47
81 91 -69
19 -76 9
63 73 -36
-41 -87 13
-65 97 -68
-95 -26 42
-57 27 -93
6 66 -23
-66 -99 94
0 33 43
45 -24 94
-2 -24 -38
19 22 26
-84 -14 -99
95 93 -85
-36 0 36
-31 -65 -23
25 56 -17
-48 -87 -47
-37 -52 7
90 50 63
-37 88 37
-67 3 25
15 54 67
-86 39 -8
-5 -54 44
62 -4 52
-44 13 -82
-60 63 -82
-73 79 -55
-40 86 -68
-11 -90 -31
52 -7 -30
81 98 46
-6 -31 -50
70 -7 -37
-69 52 -91
-97 49 -2
19 -18 -10
-48 -38 35
96 -90 11
-27 -5 45
13 58 -13
65 -43 56
-27 -71 54
28 -50 -33
33 -24 -98
-46 -57 86
-40 -20 82
-16 -30 76
77 -18 -1
23 -27 10
-16 -93 -92
44 90 -54
-99 31 -54
78 -23 69
-65 84 -59
-78 20 -98
-55 18 -19
76 -96 -37
-5 -19 -37
-29 -85 -32
-47 -60 6
-57 41 87
52 -31 86
31 -62 56
-57 6 96
-4 -100 86
85 -53 33
100 65 -51
44 35 -83
63 -25 -5
-69 -1 27
9 -42 -84
