100 190
0 21 21
1 -74 -8
1 -25 13
1 1 0
1 9 -8
1 15 -11
1 31 -19
2 -17 -16
2 1 13
2 7 55
2 40 34
2 65 -16
3 -30 -30
3 -24 -24
3 -21 -21
3 -17 -24
3 -12 -12
3 0 -7
3 30 -24
3 40 33
3 44 37
4 8 80
4 47 -32
5 -49 7
5 -44 -41
5 -18 -40
5 -5 -9
6 -34 -110
6 46 -48
7 -60 -56
7 -40 -43
7 -11 -56
7 -7 -21
7 47 -48
7 55 -56
8 56 -56
9 -70 -72
9 -40 -72
9 -21 -21
9 -20 -72
9 -10 -72
9 -7 -28
10 -41 -80
10 42 -80
11 -27 -25
12 -58 -13
12 -37 -65
12 -35 -63
12 -30 -30
12 -13 -55
12 0 0
13 -37 -55
14 -66 96
14 30 -64
15 -49 -95
15 -38 -73
15 -13 -46
15 -3 -3
15 23 49
15 80 -78
16 -50 -90
17 -55 -1
17 -35 -63
17 52 -5
17 95 -91
18 -78 112
18 -16 -58
18 -10 -54
18 -9 -51
18 -9 -9
18 12 12
18 20 36
19 -16 -55
19 -11 -61
19 5 -41
20 -38 -72
21 -13 -67
21 -9 -55
22 -48 -53
22 -32 -10
22 87 -78
23 -35 -63
24 -30 -30
24 -13 -69
24 -6 -6
24 5 -51
24 42 -28
25 -37 -69
25 -14 -23
25 -13 -67
25 103 -91
26 -15 -27
26 22 -46
27 -18 -18
27 52 -11
28 -60 -20
28 -50 -73
28 53 -30
29 -16 -19
31 -44 90
32 30 -82
33 -84 -90
33 -27 -27
33 -21 -21
33 18 18
33 22 -55
33 42 -35
33 53 -24
33 63 -35
35 -70 -28
35 -9 -11
36 -10 -18
37 -53 105
37 -20 -36
38 -25 -61
39 -79 -5
39 21 21
39 63 -28
40 -66 70
41 -110 -140
41 -9 60
42 24 -82
44 89 -54
45 -50 -90
45 -28 -47
46 12 -66
47 -97 -15
47 -48 -33
48 -20 -84
48 -18 -18
48 24 -88
49 -106 -40
49 -28 -49
49 -11 70
51 -4 66
51 20 -8
51 105 -63
52 -24 -12
53 -30 -51
54 -10 -102
55 -60 -109
59 -60 -82
60 -50 -90
61 -40 -97
61 -5 77
62 -8 -38
63 10 -54
63 38 30
64 -18 -34
65 -55 -97
65 -34 -43
65 -20 -50
65 90 -30
67 -23 -73
69 -36 -45
75 -50 -120
75 1 -97
75 30 54
75 45 35
76 106 -35
78 -12 -58
79 -20 -57
80 25 66
80 40 -44
81 -44 -79
81 -30 -108
83 -45 -81
83 -25 -59
83 68 18
84 6 -94
85 -30 -54
87 15 -71
87 22 -50
89 -26 -56
89 35 63
90 -52 -86
91 -35 -63
95 -40 -61
95 29 77
98 80 21
100 -44 -68
101 20 -83
103 -20 -121
104 -30 -54
105 110 -6
106 -24 -66
110 -36 -50
122 -24 -82
124 130 -7
154 0 -154
