100 300
-86 -9 -72
-10 7 80
-94 -27 40
56 96 92
79 -19 28
-73 -3 36
-50 -49 -63
-46 -23 -72
-86 76 -96
-91 -57 -52
-45 20 -82
-64 85 4
-72 89 -78
-63 34 3
-5 -14 94
-21 59 79
-100 -98 -94
-7 -3 -41
54 58 71
-24 -20 -65
-83 -14 -10
-94 44 39
91 -27 60
-92 -62 -19
-42 -34 -3
-64 98 83
-74 -76 10
81 -73 88
-64 6 41
-53 58 96
-18 64 20
-53 87 100
27 -26 88
-25 -20 59
57 32 -69
-16 80 -79
-100 -12 -12
-55 93 -60
-18 100 -42
-25 52 39
72 79 3
1 -23 -97
-13 -16 91
-4 -39 3
-97 -100 37
-96 -27 -4
62 -46 81
-75 53 -31
-64 -60 -20
66 -6 79
82 -47 -44
75 -23 -13
5 -51 95
-26 -100 9
-40 36 85
-51 34 -7
-18 -52 3
40 -7 98
14 44 34
-36 -30 -91
38 -53 5
-26 88 90
77 -66 6
90 -41 67
-20 -44 -68
64 -57 -43
-52 7 65
-31 50 -75
-11 -62 -25
48 33 87
32 -17 -89
98 -33 -73
-38 32 -87
-26 9 87
-22 -88 -86
10 44 -90
-53 44 -92
22 13 46
-23 75 -94
-76 -8 -56
-15 -1 86
63 -8 44
-12 20 -92
92 -14 -76
42 -95 74
-8 18 -45
100 -41 -6
-10 71 35
-66 6 16
21 -49 70
-85 -73 38
72 32 -42
-28 68 72
72 -92 -90
-33 -18 -16
-57 38 -40
-87 -9 62
-18 -16 -5
61 16 4
38 -58 5
-47 -91 -88
78 30 37
-83 15 55
-15 -48 -59
62 5 -37
-75 -7 -14
-64 -38 85
-45 46 32
-30 -10 39
-75 10 91
12 70 15
-52 -1 55
78 -61 13
-84 -67 75
-42 30 52
-97 85 34
1 40 26
-47 92 98
17 55 -71
22 -11 -81
45 92 22
-4 -15 -70
69 47 -60
0 8 -71
87 -18 -43
82 -79 -68
-47 81 -63
-9 89 29
-61 52 -69
-16 41 -26
35 -97 -1
22 -25 67
-92 -78 -2
77 -38 8
93 -81 -88
12 -61 -72
-88 29 20
-73 24 50
-30 -30 17
13 58 5
-6 20 -30
96 -35 -84
-41 -21 -11
-58 82 -50
-60 95 37
74 -92 81
-95 31 30
-89 53 -68
-99 77 -10
4 16 91
-95 100 59
-76 -9 49
-43 82 56
-33 90 18
-24 14 7
76 -78 89
-4 56 8
-51 -88 1
-49 -19 59
-90 -22 -89
-31 25 76
-24 -37 13
-10 -70 21
65 -23 40
-13 -59 -47
-89 -45 1
-86 30 9
71 -62 5
20 35 -55
16 86 80
43 -84 66
-83 46 98
-12 -19 86
-28 51 -80
-58 87 -22
-25 -33 -43
81 46 20
90 -90 19
17 -38 63
38 -3 -4
22 -79 91
-75 -51 -59
-31 -51 75
-77 8 -16
-39 -75 95
60 84 57
-34 -74 -69
-44 -47 69
9 85 65
-80 -30 -18
-89 49 -74
28 40 26
-9 -56 51
-37 -66 -24
77 -91 -79
14 9 -72
93 22 -65
-92 100 10
-2 4 -42
33 -90 -86
-58 59 -47
-1 69 25
-63 -65 45
54 -79 82
-33 -59 9
47 40 -52
-83 -88 81
86 56 32
62 75 -19
75 -58 -94
-69 -42 44
11 -52 84
20 18 -65
-33 -39 98
8 -46 38
58 -46 -68
72 -68 -3
44 -22 -81
-29 28 68
50 10 27
-87 -80 96
-46 3 78
-36 4 75
-39 39 32
49 23 -100
100 -80 -52
-13 -81 78
-12 63 -71
-18 -52 89
-65 43 -72
100 36 15
-97 -27 -11
28 7 -59
-95 46 64
-9 -62 -19
48 -57 -27
-16 72 95
-74 20 78
-66 47 -13
-81 -72 66
-84 53 5
84 -66 92
57 -40 -68
0 -29 -58
42 -98 -61
-73 33 -67
-16 -38 -32
-44 -55 -18
-71 -26 95
100 -74 -95
94 96 32
-13 -17 -50
-54 50 -70
52 -27 -73
76 92 -41
-66 -16 -69
-86 -69 -20
6 90 -88
56 -42 -40
-79 -3 38
43 -87 -90
8 -34 -49
-64 41 -59
-19 4 -96
98 -65 -28
98 26 -26
95 32 -61
56 -62 94
-19 19 -38
72 76 -67
-52 -56 -26
61 67 -23
-60 14 69
61 18 -67
-31 68 82
73 97 -45
-15 59 2
-76 84 95
99 24 -10
85 13 65
43 -76 -23
76 -54 -38
6 -65 -47
58 -51 77
54 -90 59
-64 -62 -80
-78 -50 69
-68 -13 34
71 -88 8
-15 3 -87
22 87 33
-16 -56 -81
-63 40 8
-64 -64 -81
-62 -68 38
-87 27 -10
-39 46 -78
26 1 93
17 -41 12
-1 -98 -48
