100 435
0 12 36
0 40 -12
0 44 -88
0 64 40
1 14 75
1 73 -22
1 101 -30
2 -43 10
2 -8 -66
3 -107 33
3 -71 21
3 -34 -22
3 6 45
3 16 -8
3 21 0
3 26 -9
3 36 41
3 38 26
3 59 -111
3 82 -30
4 -13 -45
4 -7 -15
4 6 0
4 6 44
4 6 50
4 22 -7
4 45 21
4 54 -15
5 -126 -75
5 -54 -35
5 -7 -21
5 25 -53
5 78 -28
6 -37 7
6 -4 3
6 12 -5
6 15 36
6 21 72
6 28 -9
6 101 -39
7 28 -7
7 91 -34
8 -72 -39
8 -54 -30
8 -8 -7
8 12 -76
8 12 24
8 12 48
8 40 -13
9 -99 -64
9 -46 -31
9 -39 -24
9 -22 -7
9 29 -6
9 41 56
9 57 -18
10 -26 -63
10 -23 -54
10 -5 -30
10 -2 -21
10 -1 -18
10 5 30
10 61 -19
11 -22 -55
11 58 -19
12 -72 -52
12 -57 -37
12 -49 -29
12 -43 -26
12 -27 -27
12 -10 10
12 1 21
12 18 -8
12 18 -4
12 18 38
12 19 39
12 39 -5
13 -27 -70
14 -108 -57
14 -60 -41
14 20 -6
14 119 -50
15 -51 -26
15 32 57
15 137 -59
16 -38 -25
16 24 14
17 29 21
17 50 27
17 74 59
18 -93 -58
18 -26 94
18 15 -22
18 28 -14
18 69 50
18 93 -30
19 1 -22
19 69 -15
19 97 -31
20 -14 30
20 -4 -52
20 30 -86
20 30 -72
20 38 -17
20 47 16
21 -9 -26
21 -8 65
21 8 43
21 21 -21
21 36 -1
22 -92 -41
22 -44 -33
22 14 -114
23 -91 127
24 -66 -26
24 34 -12
24 36 -24
24 36 -22
25 -23 -22
25 -3 -49
25 79 -16
26 -2 -42
26 15 -34
26 29 -17
26 68 -19
27 -75 -44
27 -59 -14
27 6 51
27 15 -29
28 -39 -55
28 -29 -25
28 -14 44
28 42 -44
28 42 -20
28 42 2
28 42 12
28 54 -24
28 64 -22
28 88 -18
29 -37 -40
30 -56 94
30 -49 1
30 -20 30
30 -14 10
30 5 60
30 10 50
30 22 26
30 23 24
30 42 -14
31 103 -19
32 -36 -60
32 -14 6
32 -4 -44
32 -2 -54
32 0 -48
32 48 -24
32 48 -10
32 48 12
32 48 22
32 48 54
32 93 -17
33 -34 21
33 -8 47
33 34 9
33 42 -21
34 -33 5
34 -32 -45
34 4 -39
34 6 -49
34 25 -46
34 45 -36
34 84 -23
34 94 -16
35 -42 -35
35 -34 5
35 -28 35
35 14 19
35 47 -33
35 74 -19
36 -69 -9
36 -43 -35
36 -22 38
36 -9 -29
36 18 -26
36 33 -43
36 48 21
36 54 -50
36 54 -22
36 54 -6
36 54 44
36 73 -62
36 80 77
37 -110 -41
37 -43 -30
37 -38 -33
37 61 -22
37 64 -1
37 97 -18
38 -30 40
38 -28 -27
38 -12 21
38 2 -86
38 14 -42
38 20 3
38 36 51
38 47 -26
38 84 -29
38 108 -21
38 117 -18
39 -53 12
39 -43 -20
39 -41 24
39 -26 65
39 37 -129
39 50 -9
39 63 -35
39 71 56
40 -54 -70
40 -30 -30
40 18 -6
40 42 -108
40 44 7
40 60 -22
40 60 -6
40 76 8
41 62 -13
42 -49 21
42 -43 -5
42 -23 -6
42 31 30
42 65 -32
42 69 -40
42 105 -78
43 -101 113
43 -38 25
43 -28 75
43 27 -28
43 42 -5
43 70 33
43 78 81
43 130 -19
44 -52 -40
44 -45 -69
44 -43 -38
44 9 -39
44 55 -66
44 69 18
45 -81 -44
45 -34 41
45 -14 61
45 39 -53
45 49 7
45 68 3
45 87 -69
46 -37 -42
46 -3 -70
46 5 -54
46 72 18
47 -1 -55
47 11 -95
48 -81 69
48 -53 -25
48 -31 -21
48 -11 39
48 -1 -75
48 0 -18
48 31 21
48 83 66
49 -3 -73
49 67 -25
49 72 -9
49 79 -9
50 -66 102
50 -21 12
50 -3 66
50 2 -34
50 9 -48
50 26 -82
50 39 42
50 69 -36
50 70 -30
50 77 -38
51 -106 -28
51 -50 -44
51 61 -3
51 73 -27
51 74 -15
51 119 -85
52 -41 -45
52 -30 -12
52 13 -39
52 18 -24
52 61 11
52 70 -28
53 -51 10
53 -47 30
53 -16 -56
53 -9 -58
53 74 -33
54 -42 102
54 -20 21
54 -2 -98
54 28 3
55 -46 59
55 91 -49
56 -72 -3
56 -8 -19
56 40 -1
57 -74 42
57 17 -70
57 73 -75
57 84 -35
58 -7 66
58 -1 -66
58 35 18
58 45 -33
59 -13 -71
59 -2 43
59 6 -11
59 12 37
59 14 53
59 35 -42
59 49 3
59 54 19
59 77 -29
60 -86 -44
60 -43 -39
60 -37 -41
60 5 -20
60 11 -57
60 16 68
60 19 -74
60 65 10
60 93 24
61 69 14
62 -49 -11
62 -46 106
62 -10 -74
62 105 -58
62 108 -2
63 38 71
63 62 23
63 89 -33
63 93 -9
64 -38 62
64 -32 28
64 -6 -98
64 -3 -97
64 14 48
64 22 -13
64 32 4
64 44 -35
64 54 3
65 -34 29
65 17 -73
65 85 35
66 -43 -14
66 -32 -48
66 -32 3
66 -24 27
66 -12 -72
66 5 -26
66 11 22
66 28 -15
66 36 9
67 0 -67
67 10 13
67 30 69
67 86 37
67 90 -17
68 64 -7
69 -118 -22
69 -46 -46
69 31 36
69 90 -19
70 -9 -24
70 27 -96
71 2 -55
71 3 -119
71 144 9
72 9 -67
72 57 54
74 -68 13
74 -36 32
74 -36 33
74 12 -11
74 44 9
75 -95 51
75 -75 15
75 1 -67
75 2 18
75 13 -71
75 23 -91
75 31 -77
76 -26 -22
77 81 -32
77 117 -12
78 67 62
79 112 -49
81 -90 -42
81 77 -7
82 66 -28
82 82 0
83 9 -11
83 13 21
84 -20 -68
85 -45 39
85 -25 -1
86 -37 -71
87 -29 0
87 7 24
88 -26 -46
90 -44 40
90 -28 -40
92 -49 -59
92 -22 -74
92 77 4
94 -46 42
94 -38 2
95 8 -73
97 -94 14
97 -54 -58
99 14 83
99 70 19
100 -18 -110
100 -9 -42
102 -40 -4
105 -54 45
105 -14 -35
106 -27 -121
107 126 -37
111 -82 -30
114 49 58
115 18 -105
120 -37 2
