100 435
0 14 -28
0 63 18
1 -100 -38
1 -90 -80
1 14 23
1 30 -6
2 -34 84
2 -24 9
2 -18 10
2 19 31
3 -101 33
3 -62 20
3 25 16
3 32 53
3 36 59
3 40 -56
4 -90 -28
4 -45 -10
4 -21 74
4 -20 72
4 -18 64
4 -12 28
4 41 68
5 -4 -4
5 39 -38
5 68 23
6 -80 -33
6 -4 14
6 62 103
6 88 51
7 1 -64
7 1 54
7 21 0
7 26 4
7 28 13
7 91 22
8 -128 -122
8 -54 -48
8 -52 25
8 -12 32
8 0 8
8 13 -2
8 18 28
8 23 18
8 54 -44
9 -73 -26
9 -72 22
9 -25 8
9 -19 1
10 -60 30
10 -40 -27
10 18 -50
10 22 -34
10 38 -46
10 88 -96
10 115 66
11 6 15
11 25 38
12 -12 24
12 30 36
12 64 46
13 -10 22
13 29 44
13 100 31
14 -4 22
14 2 -45
14 2 -36
14 2 10
14 108 77
15 -55 15
15 5 20
15 22 17
15 41 38
15 47 26
15 58 8
15 74 -28
15 95 68
16 18 -20
16 22 -28
16 24 -32
16 26 38
16 51 26
16 55 54
16 60 8
16 66 -4
16 68 80
17 9 8
17 71 -6
18 -106 48
18 -42 10
18 -16 -15
18 8 25
18 36 9
18 37 70
18 40 17
18 56 49
18 74 -87
18 116 79
19 -87 32
19 -22 -43
19 35 52
19 68 16
19 130 90
20 12 -28
20 16 -104
20 36 -52
20 63 56
20 64 14
21 3 -2
21 3 11
21 9 8
21 27 38
21 38 92
21 63 56
22 -114 54
22 -19 -18
22 8 6
22 14 -49
22 53 98
22 71 36
22 76 39
22 90 80
23 -75 16
23 -39 24
23 22 29
23 74 36
24 -90 36
24 -52 -34
24 -44 -26
24 -44 98
24 -10 44
24 6 -72
24 6 24
24 20 38
24 41 -2
24 50 68
24 58 76
24 59 34
25 -85 20
25 46 26
26 -48 -31
26 -27 -24
26 -2 -44
26 48 5
26 67 43
26 72 53
26 72 64
26 83 42
27 33 -72
27 70 150
27 79 58
28 -60 32
28 4 -52
28 4 -24
28 4 41
28 20 -64
28 33 -82
28 60 80
28 64 30
29 -74 -101
29 -69 1
29 -47 -30
29 -33 -26
29 -17 -38
29 -5 -18
29 13 12
29 22 27
29 43 33
30 -140 -160
30 -95 25
30 -92 68
30 -70 0
30 -40 100
30 -28 52
30 -4 38
30 -4 46
30 -2 34
30 22 -14
30 35 74
30 84 -86
30 128 -152
31 -27 36
31 -4 -17
31 33 -79
32 -90 28
32 -84 -60
32 -27 -24
32 -3 22
32 1 -9
32 4 24
32 6 20
32 22 -12
32 27 -58
32 30 -52
32 34 46
32 48 2
32 78 4
32 111 57
33 -100 26
33 -90 -80
33 -6 53
33 10 70
33 17 47
33 38 -8
33 67 72
33 110 55
34 -96 30
34 -10 -28
34 2 30
34 38 -112
34 72 33
35 -55 48
35 5 29
35 5 72
36 -40 -33
36 -32 62
36 -18 33
36 4 28
36 24 -78
36 88 32
37 -36 -32
37 -6 57
37 18 51
38 -36 -32
38 24 -10
38 45 40
38 56 43
39 -59 11
39 -27 32
39 22 -16
39 83 62
40 -80 -50
40 -74 -44
40 -72 8
40 -18 -28
40 -12 -32
40 -2 28
40 24 54
40 54 -76
40 66 -4
40 75 10
40 75 50
40 86 116
41 13 33
41 54 48
41 70 10
41 79 64
41 103 6
41 142 73
42 -78 10
42 -12 -34
42 -8 58
42 -4 64
42 6 -46
42 6 47
42 6 52
42 6 79
42 58 -31
42 59 -29
43 84 10
44 -40 72
44 12 -52
45 -75 15
45 -25 -13
45 12 5
45 68 -42
45 76 6
46 -41 -38
46 4 34
46 36 -26
46 88 15
46 90 80
47 -47 -47
47 81 72
48 -94 -61
48 -16 48
48 4 40
48 30 66
48 36 -72
49 -44 -41
49 7 -26
49 7 37
49 7 64
50 -45 -42
50 -24 -34
50 -2 -20
51 -94 -56
51 -40 25
51 20 -18
51 24 69
51 27 28
52 -16 -79
52 18 16
52 26 0
53 101 76
54 -118 -87
54 -104 -66
54 -82 -33
54 -58 -51
54 -38 44
54 3 -13
54 18 18
54 97 42
54 112 15
56 -80 -38
56 -26 -8
56 -15 106
56 8 -63
56 8 -25
56 8 50
56 96 16
57 -20 106
57 -16 71
57 30 31
57 88 -42
58 -74 -46
58 -50 96
58 -46 68
59 -63 -56
59 37 42
60 -52 4
60 -38 32
60 -24 -24
60 -20 -40
60 12 -60
60 54 -102
63 9 -17
63 9 8
63 9 40
63 84 -42
63 109 24
66 -44 44
66 -32 -4
68 -48 -36
68 -48 56
69 -3 79
69 2 89
69 36 38
70 -170 114
70 -140 84
70 -132 76
70 -24 -44
70 10 -66
70 10 -15
70 10 14
70 10 60
70 54 -110
70 92 -148
72 -40 64
72 6 87
72 26 57
73 -6 93
74 -58 84
74 -50 88
74 6 54
74 12 -82
74 87 30
75 26 61
75 80 -20
76 -42 -48
76 6 56
76 33 -34
78 -96 -14
78 -34 46
78 -12 -108
78 -10 -14
78 2 -44
79 138 22
80 -146 82
80 -84 -24
80 -44 16
80 -14 -50
81 33 -29
82 -66 -38
82 -42 64
82 -22 14
82 3 54
83 51 44
84 -54 -48
84 7 -21
84 9 54
87 -37 -7
87 -12 127
87 74 -44
88 -56 96
88 -36 -32
88 -6 60
89 36 -31
90 -118 46
90 -106 34
90 -16 -56
90 54 48
90 88 -12
90 120 45
91 3 81
92 -34 -48
92 0 -46
93 -54 74
93 -29 -11
93 22 91
94 -42 -20
94 172 33
95 15 81
96 -70 2
96 -52 82
99 -102 12
99 -18 -16
100 80 66
101 54 -79
104 6 84
104 12 90
107 81 72
108 -46 111
108 -12 162
108 24 -114
110 -24 -64
112 -40 44
114 27 24
114 124 -34
118 39 -12
120 28 118
121 27 31
122 -18 -16
124 -8 -42
126 98 21
128 -24 -4
129 72 64
130 -70 -34
132 74 65
150 -148 28
150 36 -156
160 -124 -4
160 -50 -78
170 -90 -46
170 -72 -64
