100 100
-92 77 93
-48 21 26
-48 91 53
-65 34 87
-19 76 -57
-8 -74 -22
-16 8 -43
5 94 -44
-20 -68 -43
-95 -21 50
19 -7 49
-95 97 -76
16 -24 -77
1 78 -33
100 -8 -66
-21 -39 31
-6 98 26
-71 -59 62
-39 68 -56
-9 9 -30
-52 9 43
25 -27 72
72 -20 -7
-97 94 -66
98 65 -50
51 39 -57
-69 35 99
-55 -61 -96
-76 -1 72
5 -56 -64
16 -91 -39
61 -46 63
90 -91 -17
19 6 -60
-59 81 -23
53 16 93
-85 -15 75
-35 45 23
30 -7 -45
-77 34 35
-15 92 -58
-37 -78 27
-74 -13 51
53 77 0
-14 60 19
-10 -2 38
-10 -67 80
98 -51 51
1 48 81
70 -5 -35
18 80 -23
9 -89 -21
-41 99 51
44 -54 23
52 -42 46
-16 76 -92
5 -45 83
44 50 91
48 -32 85
-16 9 95
77 -94 -42
8 55 47
79 23 -47
38 94 -51
-56 68 -94
86 -18 18
14 -30 -88
-57 -39 38
23 56 -13
-87 26 57
14 16 -81
-20 80 -51
27 17 -66
98 88 -11
47 96 100
20 10 -59
15 34 -27
-15 -1 89
-86 -21 98
74 -92 56
-84 36 59
39 14 34
-2 -42 81
38 23 -48
-23 74 -28
14 -27 -65
52 -21 -51
85 -79 -27
62 41 -73
86 -79 -3
-54 26 49
37 17 20
-11 75 -17
-54 -88 24
40 9 93
97 45 -85
54 58 54
61 96 3
-43 -51 57
40 9 35
